0.9731583303772023
0.9892396831027551
0.9934965117654014
0.9949154546529502
0.996334397540499
0.9968073785030153
0.9972803594655315
0.9956249260967246
0.9972803594655315
0.9973986047061606
0.9965708880217571
0.9977533404280478
0.9972803594655315
0.9973986047061606
0.9978715856686768
0.998108076149935
0.9979898309093059
0.9976350951874187
0.998108076149935
0.9840368925150763
0.998226321390564
0.998226321390564
0.998226321390564
0.9978715856686768
0.9984628118718222
0.9970438689842733
0.9965708880217571
0.9983445666311931
0.9978715856686768
0.998108076149935
0.9975168499467897
0.998226321390564
0.998108076149935
0.9985810571124513
0.9979898309093059
0.9983445666311931
0.9984628118718222
0.9983445666311931
0.998108076149935
0.9983445666311931
0.9984628118718222
0.998226321390564
0.998226321390564
0.998226321390564
0.9977533404280478
0.9979898309093059
0.9976350951874187
0.998108076149935
0.998108076149935
0.9978715856686768
0.998108076149935
0.9983445666311931
0.9984628118718222
0.9979898309093059
0.998226321390564
0.9985810571124513
0.9983445666311931
0.9983445666311931
0.9983445666311931
0.998226321390564
0.9979898309093059
0.9983445666311931
0.9984628118718222
0.9973986047061606
0.9984628118718222
0.9979898309093059
0.9984628118718222
0.998226321390564
0.9984628118718222
0.9979898309093059
0.9984628118718222
0.998226321390564
0.9979898309093059
0.9984628118718222
0.998108076149935
0.9983445666311931
0.998226321390564
0.9984628118718222
0.998226321390564
0.9979898309093059
0.9978715856686768
0.9984628118718222
0.9978715856686768
0.998226321390564
0.9984628118718222
0.9983445666311931
0.9983445666311931
0.9985810571124513
0.9979898309093059
0.9978715856686768
0.9978715856686768
0.9972803594655315
0.9977533404280478
0.9978715856686768
0.998108076149935
0.9979898309093059
0.998226321390564
0.9983445666311931
0.9958614165779828
0.9983445666311931
0.9983445666311931
0.998108076149935
0.998226321390564
0.9983445666311931
0.9983445666311931
0.998226321390564
0.998226321390564
0.9984628118718222
0.998226321390564
0.9983445666311931
0.9977533404280478
0.9983445666311931
0.9984628118718222
0.9983445666311931
0.998226321390564
0.9984628118718222
0.9984628118718222
0.9977533404280478
0.998226321390564
0.9984628118718222
0.9986993023530802
0.9986993023530802
0.998226321390564
0.9984628118718222
0.9983445666311931
0.9983445666311931
0.9979898309093059
0.9977533404280478
0.9977533404280478
0.9977533404280478
0.998226321390564
0.998108076149935
0.9983445666311931
0.9983445666311931
0.9977533404280478
0.9979898309093059
0.9984628118718222
0.998226321390564
0.998226321390564
0.9978715856686768
0.9984628118718222
0.998226321390564
0.9978715856686768
0.9984628118718222
0.9983445666311931
0.9983445666311931
0.9983445666311931
0.9983445666311931
0.9983445666311931
0.998226321390564
0.998226321390564
0.9983445666311931
0.998226321390564
0.998108076149935
0.9965708880217571
0.9983445666311931
0.9984628118718222
0.9984628118718222
0.9984628118718222
0.998108076149935
0.9984628118718222
0.9984628118718222
0.9984628118718222
0.998108076149935
0.9984628118718222
0.9983445666311931
0.998226321390564
0.9984628118718222
0.9984628118718222
0.9984628118718222
0.9984628118718222
0.9983445666311931
0.998226321390564
0.9985810571124513
0.9979898309093059
0.998226321390564
0.998226321390564
0.998108076149935
0.9983445666311931
0.9983445666311931
0.9983445666311931
0.9983445666311931
0.998226321390564
0.998226321390564
0.998226321390564
0.9983445666311931
0.998226321390564
0.998226321390564
0.998226321390564
0.998108076149935
0.998226321390564
0.9983445666311931
0.9971621142249024
0.9979898309093059
0.9983445666311931
0.998226321390564
0.998226321390564
0.9983445666311931
0.9984628118718222
0.9977533404280478